testcases_1_bloques_0,1,0.003,3584,515434561
testcases_1_random_0,1,0.003,3456,72340237
testcases_2_bloques_0,2,0.007,3584,1239074923
testcases_2_random_0,2,0.006,3584,-1063622287
testcases_3_bloques_0,3,0.006,3584,128533521
testcases_3_random_0,3,0.005,3584,-406734964
testcases_5_bloques_0,5,0.011,3456,3010824083
testcases_5_random_0,5,0.006,3584,522310038
testcases_8_bloques_0,8,0.012,3584,2979749660
testcases_8_random_0,8,0.012,3584,782928472
testcases_10_bloques_0,10,0.011,3584,3680453587
testcases_10_random_0,10,0.016,3584,1119346209
testcases_15_bloques_0,15,0.01,3584,6464460449
testcases_15_random_0,15,0.05,3584,-340494699
testcases_20_bloques_0,20,0.013,3584,6884176615
testcases_20_random_0,20,0.024,3584,1770712983
testcases_50_bloques_0,50,0.024,3584,21165597352
testcases_50_random_0,50,0.05,3584,134731209
testcases_100_bloques_0,100,0.099,3584,41573761397
testcases_100_random_0,100,0.08,3584,6698619601
testcases_200_bloques_0,200,0.172,3584,84018367962
testcases_200_random_0,200,0.139,3584,38600773042
testcases_500_bloques_0,500,1.516,3584,202378205276
testcases_500_random_0,500,0.785,3584,74423350103
testcases_1000_bloques_0,1000,5.481,3712,424853835252
testcases_1000_random_0,1000,1.762,3712,123362301281
testcases_2000_bloques_0,2000,8.536,3712,865573549369
testcases_2000_random_0,2000,1.715,3712,229780095247
testcases_5000_bloques_0,5000,81.912,3840,2157402622115
testcases_5000_random_0,5000,4.702,3840,676052883517
testcases_10000_bloques_0,10000,449.744,4096,4166205287057
testcases_10000_random_0,10000,8.564,4096,1415093915207
