testcases_1_bloques_0,1,0.002,3584,515434561
testcases_1_random_0,1,0.003,3456,72340237
testcases_2_bloques_0,2,0.004,3584,1239074923
testcases_2_random_0,2,0.003,3584,-1256517664
testcases_3_bloques_0,3,0.016,3584,128533521
testcases_3_random_0,3,0.004,3584,-917880359
testcases_5_bloques_0,5,0.016,3456,3010824083
testcases_5_random_0,5,0.009,3584,239088227
testcases_8_bloques_0,8,0.041,3584,1610294020
testcases_8_random_0,8,0.008,3584,731479545
testcases_10_bloques_0,10,0.021,3584,3082163382
testcases_10_random_0,10,0.036,3584,1532042165
testcases_15_bloques_0,15,0.024,3584,5046193082
testcases_15_random_0,15,0.017,3584,1271211897
testcases_20_bloques_0,20,0.016,3584,2998945919
testcases_20_random_0,20,0.059,3584,1423044689
testcases_50_bloques_0,50,0.193,3328,15015067942
testcases_50_random_0,50,1.1,3328,-62209327
testcases_100_bloques_0,100,0.317,3200,38851707375
testcases_100_random_0,100,3.326,3328,5219859258
testcases_200_bloques_0,200,0.918,3200,27726599049
testcases_200_random_0,200,0.992,3200,25337463498
testcases_500_bloques_0,500,6.413,3328,175891662702
testcases_500_random_0,500,10.657,3328,30101703268
testcases_1000_bloques_0,1000,10.494,3456,134008723780
testcases_1000_random_0,1000,28.4,3456,17943083990
testcases_2000_bloques_0,2000,125.017,3328,698817491695
testcases_2000_random_0,2000,2259.13,3456,41681006972
testcases_5000_bloques_0,5000,710.619,3456,1585777435122
testcases_5000_random_0,5000,65911.8,3584,55646118616
testcases_10000_bloques_0,10000,2433.56,3840,2024677135148
testcases_10000_random_0,10000,11593.8,3840,99582984352
