testcases_1_bloques_0,1,0.003,3328,515434561
testcases_1_random_0,1,0.001,3328,72340237
testcases_2_bloques_0,2,0.003,3328,1239074923
testcases_2_random_0,2,0.003,3200,-1063622287
testcases_3_bloques_0,3,0.004,3328,128533521
testcases_3_random_0,3,0.007,3328,-406734964
testcases_5_bloques_0,5,0.023,3328,3010824083
testcases_5_random_0,5,0.012,3328,522310038
testcases_8_bloques_0,8,0.064,3328,2979749660
testcases_8_random_0,8,0.093,3328,2949231800
testcases_10_bloques_0,10,0.515,3200,4065702317
testcases_10_random_0,10,0.227,3328,3210745502
testcases_15_bloques_0,15,5.028,3328,6464460449
testcases_15_random_0,15,7.035,3328,2765218031
testcases_20_bloques_0,20,241.226,3328,6884176615
testcases_20_random_0,20,268.168,3200,2429101456
