testcases_1_bloques_0,1,0.005,3584,515434561
testcases_1_random_0,1,0.005,3456,72340237
testcases_2_bloques_0,2,0.005,3584,1239074923
testcases_2_random_0,2,0.007,3584,-1063622287
testcases_3_bloques_0,3,0.005,3584,128533521
testcases_3_random_0,3,0.006,3584,-406734964
testcases_5_bloques_0,5,0.006,3456,3010824083
testcases_5_random_0,5,0.007,3584,522310038
testcases_8_bloques_0,8,0.009,3584,2979749660
testcases_8_random_0,8,0.011,3584,2949231800
testcases_10_bloques_0,10,0.011,3584,4065702317
testcases_10_random_0,10,0.012,3584,3210745502
testcases_15_bloques_0,15,0.011,3584,6464460449
testcases_15_random_0,15,0.011,3584,2765218031
testcases_20_bloques_0,20,0.015,3584,6884176615
testcases_20_random_0,20,0.018,3584,2429101456
testcases_50_bloques_0,50,0.027,3584,21371002907
testcases_50_random_0,50,0.03,3584,2907436962
testcases_100_bloques_0,100,0.034,3584,42757408357
testcases_100_random_0,100,0.062,3584,13998128002
testcases_200_bloques_0,200,0.198,3584,85099413761
testcases_200_random_0,200,0.104,3584,58167955867
testcases_500_bloques_0,500,0.519,3584,203071112799
testcases_500_random_0,500,0.682,3584,120848753563
testcases_1000_bloques_0,1000,1.601,3712,425724898562
testcases_1000_random_0,1000,2.509,3712,217140906192
testcases_2000_bloques_0,2000,7.04,3712,867090224778
testcases_2000_random_0,2000,9.61,3712,416987032520
testcases_5000_bloques_0,5000,40.186,3840,2157402622115
testcases_5000_random_0,5000,47.806,3840,1093829706207
testcases_10000_bloques_0,10000,197.909,4224,4168237768328
testcases_10000_random_0,10000,212.201,4224,2271780837265
